[header]
width=36
height=9
tilewidth=70
tileheight=70
orientation=orthogonal
background_color=0,0,0,255

[tilesets]
tileset=Snow.png,70,70,0,0
tileset=,128,71,0,0

[layer]
type=Platform
data=
31,0,0,0,0,0,0,0,0,0,0,0,0,0,0,0,0,0,0,0,0,0,0,0,0,0,0,0,0,0,0,0,0,0,0,38,
31,0,0,0,0,0,0,0,0,0,0,0,0,0,0,0,51,0,0,0,0,0,0,0,0,0,0,0,0,51,0,0,0,0,0,38,
31,0,0,0,0,0,0,0,0,0,0,0,5,24,24,24,24,24,46,0,0,0,0,0,0,0,0,0,0,18,24,24,46,0,0,38,
31,0,0,0,0,0,0,0,0,0,0,0,0,0,0,0,0,0,0,0,0,0,0,51,0,0,0,0,18,25,6,0,0,0,0,38,
31,0,0,51,0,0,0,0,0,0,0,0,0,0,0,0,0,0,0,0,0,5,24,24,24,24,24,24,25,6,0,0,0,0,0,38,
45,24,24,24,33,0,0,0,5,46,0,0,0,51,0,0,0,0,0,0,0,0,0,0,0,0,0,37,30,0,0,0,0,0,0,38,
10,16,10,43,32,33,0,0,0,0,0,0,0,18,11,0,0,0,0,0,0,0,0,0,0,0,0,38,31,0,0,26,24,12,0,38,
17,43,6,0,17,32,33,0,0,0,0,26,24,4,45,24,24,24,24,24,24,24,12,0,0,0,26,4,31,0,26,4,6,0,0,4,
0,0,0,0,0,17,45,46,0,0,5,4,16,6,17,10,10,10,10,10,10,6,0,0,0,19,4,16,32,24,4,6,0,0,51,17

[Entities]
# Start
type=Start
location=1,3,1,1

[Entities]
# Finish
type=Finish
location=29,7,1,1

[Entities]
# Rock
type=Rock
location=18,7,1,1

