[header]
width=17
height=32
tilewidth=256
tileheight=149
orientation=isometric
background_color=0,0,0,255

[tilesets]
tileset=Images/Prototype_31x6.png,256,299,0,0

[layer]
type=Floor
data=
0,0,0,0,0,0,49,49,0,0,0,0,0,0,0,0,0,
49,49,49,49,49,49,49,53,0,0,0,0,0,0,0,0,0,
49,49,49,49,49,49,49,49,0,0,0,0,0,0,0,0,0,
49,49,49,49,49,49,49,49,0,0,0,0,0,0,0,0,0,
49,49,49,49,49,49,49,49,0,0,0,0,0,0,0,0,0,
49,49,49,49,49,49,49,49,0,0,0,0,0,0,0,0,0,
49,49,49,49,49,49,49,49,0,0,0,0,0,0,0,0,0,
49,49,49,49,49,49,49,49,0,0,0,0,0,0,0,0,0,
49,49,49,49,49,49,49,0,0,0,0,0,0,0,0,0,0,
0,0,0,0,0,0,0,0,0,0,0,0,0,0,0,0,0,
0,0,0,0,0,0,0,0,0,0,0,0,0,0,0,0,0,
0,0,0,0,0,0,0,0,0,0,49,49,0,0,0,0,0,
0,0,0,0,49,49,49,49,49,49,49,53,0,0,0,0,0,
0,0,0,0,49,49,49,49,49,49,49,49,0,0,0,0,0,
0,0,0,0,49,49,49,49,49,49,49,49,0,0,0,0,0,
0,0,0,0,49,49,49,49,49,49,49,49,0,0,0,0,0,
0,0,0,0,49,49,49,49,49,49,49,49,0,0,0,0,0,
0,0,0,0,49,49,49,49,49,49,49,49,0,0,0,0,0,
0,0,0,0,49,49,49,49,49,49,49,49,0,0,0,0,0,
0,0,0,0,49,49,49,49,49,49,49,0,0,0,0,0,0,
0,0,0,0,0,0,0,0,0,0,0,0,0,0,0,0,0,
0,0,0,0,0,0,0,0,0,0,0,0,0,0,0,0,0,
0,0,0,0,0,0,0,0,0,0,0,0,0,0,49,49,0,
0,0,0,0,0,0,0,0,49,49,49,49,49,49,49,53,0,
0,0,0,0,0,0,0,0,49,49,49,49,49,49,49,49,0,
0,0,0,0,0,0,0,0,49,49,49,49,49,49,49,49,0,
0,0,0,0,0,0,0,0,49,49,49,49,49,49,49,49,0,
0,0,0,0,0,0,0,0,49,49,49,49,49,49,49,49,0,
0,0,0,0,0,0,0,0,49,49,49,49,49,49,49,49,0,
0,0,0,0,0,0,0,0,49,49,49,49,49,49,49,49,0,
0,0,0,0,0,0,0,0,49,49,49,49,49,49,49,0,0,
0,0,0,0,0,0,0,0,0,0,0,0,0,0,0,0,0

[layer]
type=Walls
data=
0,0,0,0,0,149,150,150,152,0,0,0,0,0,0,0,0,
146,154,150,150,150,150,0,0,0,0,0,0,0,0,0,0,0,
152,0,0,0,0,0,0,0,0,0,0,0,0,0,0,0,0,
146,150,150,150,150,150,118,150,152,0,0,0,0,0,0,0,0,
152,0,0,0,0,0,0,0,152,0,0,0,0,0,0,0,0,
152,0,0,0,0,0,0,0,152,0,0,0,0,0,0,0,0,
152,0,0,0,0,0,0,0,152,0,0,0,0,0,0,0,0,
152,0,0,0,0,0,0,0,152,0,0,0,0,0,0,0,0,
152,0,0,0,0,0,0,0,0,0,0,0,0,0,0,0,0,
150,150,150,150,150,150,150,0,0,0,0,0,0,0,0,0,0,
0,0,0,0,0,0,0,0,0,0,0,0,0,0,0,0,0,
0,0,0,0,0,0,0,0,0,149,150,150,152,0,0,0,0,
0,0,0,0,146,150,150,145,150,150,0,0,0,0,0,0,0,
0,0,0,0,152,0,0,117,0,0,0,0,0,0,0,0,0,
0,0,0,0,152,0,0,149,0,0,0,0,152,0,0,0,0,
0,0,0,0,152,0,0,149,0,0,0,0,152,0,0,0,0,
0,0,0,0,152,0,0,149,150,150,154,150,152,0,0,0,0,
0,0,0,0,152,0,0,149,0,0,0,0,152,0,0,0,0,
0,0,0,0,156,0,0,117,0,0,0,0,152,0,0,0,0,
0,0,0,0,152,0,0,149,0,0,0,0,0,0,0,0,0,
0,0,0,0,150,150,150,150,150,150,150,0,0,0,0,0,0,
0,0,0,0,0,0,0,0,0,0,0,0,0,0,0,0,0,
0,0,0,0,0,0,0,0,0,0,0,0,0,149,150,150,152,
0,0,0,0,0,0,0,0,146,150,150,150,150,150,0,0,0,
0,0,0,0,0,0,0,0,152,0,0,0,0,0,0,0,0,
0,0,0,0,0,0,0,0,146,150,150,150,150,118,150,150,152,
0,0,0,0,0,0,0,0,152,0,0,0,0,0,0,0,152,
0,0,0,0,0,0,0,0,152,0,0,0,0,0,0,0,152,
0,0,0,0,0,0,0,0,152,0,0,0,0,0,0,0,152,
0,0,0,0,0,0,0,0,156,0,0,0,0,0,0,0,152,
0,0,0,0,0,0,0,0,152,0,0,0,0,0,0,0,0,
0,0,0,0,0,0,0,0,150,150,150,150,150,150,150,0,0

[Entities]
type=Switch
location=9,30,1,2
DoorX=13
DoorY=25

[Entities]
type=Switch
location=5,19,1,2
DoorX=7
DoorY=18

[Entities]
type=Switch
location=10,16,1,2
DoorX=7
DoorY=13

[Entities]
type=Switch
location=1,2,1,2
DoorX=6
DoorY=3

